[app/ui]
version = 7.0.1
modtime = 1512781188.727065000

[app/launcher]
version = 7.0.1
modtime = 1512781188.728989000

[fastly/setupentity]
version = 7.0.1
modtime = 1513028944.767984000

[app/install/is_configured]
version = 7.0.1
modtime = 1513028945.422401000
